5 5
5 3 6 8 7 1 2 4 9 15 18 10 12 11 13 14 16 17 19 24 20 21 22 23 25
16 0 0 1 9 5 0 0 0 6 0 0 1 9 5 0 0 0 6 0 0 1 9 5 0
0 9 0 0 0 0 0 6 0 0 9 8 0 0 0 0 6 0 0 9 8 0 0 0 0
0 0 0 0 0 0 0 0 3 8 0 0 0 6 0 0 0 3 8 0 0 0 6 0 0
4 0 0 0 0 3 0 0 0 14 0 0 8 0 3 0 0 1 4 0 0 8 0 3 0 
7 0 0 0 2 0 0 0 6 7 0 0 0 2 0 0 0 6 7 0 0 0 2 0 0
0 6 0 0 0 0 22 8 0 7 0 0 0 2 0 0 0 6 7 0 0 0 2 0 0
0 0 0 4 1 9 0 0 5 0 0 0 4 1 9 0 0 5 0 0 0 4 1 9 0
0 0 0 0 8 0 0 7 19 0 0 0 0 8 0 0 7 9 0 0 0 0 8 0 0

0 0 0 0 17 0 0 0 0 5 3 0 0 7 0 0 0 0 5 3 0 0 7 0 0
6 0 0 1 9 5 0 0 0 6 0 0 1 9 5 0 0 0 6 0 0 1 9 5 0
0 9 8 0 0 0 0 6 0 0 9 8 0 0 0 0 6 0 0 9 8 0 0 0 0
8 0 0 0 6 0 0 0 3 8 0 0 0 6 0 0 0 3 8 0 0 0 6 0 0
4 0 0 0 0 3 0 0 1 4 0 0 8 0 3 0 0 1 4 0 0 8 0 3 0 
7 0 0 0 2 0 0 0 6 7 0 0 0 2 0 0 0 6 7 0 0 0 2 0 0
0 6 0 0 0 0 12 8 0 7 0 0 0 2 0 0 0 6 7 0 0 0 2 0 0
0 0 0 4 1 9 0 0 5 0 0 0 4 1 9 0 0 5 0 0 0 4 1 9 0
0 0 0 0 8 0 0 7 0 0 0 0 0 8 0 0 7 9 0 0 0 0 8 0 0
0 0 0 0 17 0 0 0 0 5 3 0 0 7 0 0 0 0 5 3 0 0 7 0 0
6 0 0 1 9 5 0 0 0 6 0 0 1 9 5 0 0 0 6 0 0 1 9 5 0
0 9 8 0 0 0 0 6 0 0 9 8 0 0 0 0 6 0 0 9 8 0 0 0 0
8 0 0 0 6 0 0 0 3 8 0 0 0 6 0 0 0 3 8 0 0 0 6 0 0
4 0 0 0 0 3 0 0 1 4 0 0 8 0 3 0 0 1 4 0 0 8 0 3 0 
7 0 0 0 2 0 0 0 6 7 0 0 0 2 0 0 0 6 7 0 0 0 2 0 0
0 6 0 0 0 0 0 8 0 7 0 0 0 2 0 0 0 6 7 0 0 0 2 0 0
